-936,-207,40
-921,-187,59
-885,-173,41
-914,-158,76
-910,-174,84
-893,-143,53
-909,-145,74
-878,-185,42
-920,-158,56
-891,-171,67
-910,-162,86
-873,-170,79
-903,-148,59
-900,-151,67
-896,-169,80
-919,-214,83
-890,-195,57
-947,-166,62
-880,-169,55
-872,-207,72
-935,-97,88
-918,-58,64
-888,-258,49
-920,-165,78
-918,-183,91
-912,-185,88
-893,-183,81
-904,67,66
-866,2819,33
-883,1611,87
-1024,-3294,603
1146,-1297,-41
-896,-184,53
-884,4832,115
-795,8536,440
-837,4534,88
-923,-1564,31
-948,-6791,-200
-984,-4813,210
-876,1922,78
-762,12479,109
-768,7823,20
-885,-229,-34
-851,-11158,-1012
-1036,-7415,232
-804,7045,221
-699,13001,13
-369,841,1527
-1446,-8410,-44
-1050,-9627,137
-986,-525,792
-732,10222,7
-812,7512,55
-966,-3890,-53
-905,-11910,-780
-1054,-7591,150
-966,-4447,53
-858,-3951,106
-822,-232,104
-882,-249,44
-843,-254,76
-915,-276,73
-1008,-6924,16
-1047,-9853,79
-1003,-6243,-137
-1060,-3839,-229
-1001,-1503,-297
-1750,3689,-578
-5652,10738,-3851
-6869,14082,-5096
928,-855,-6418
699,507,-6879
3263,120,-7140
1391,1138,-6827
-1296,1198,-6948
1329,485,-8456
-177,1369,-7927
-559,524,-8442
-527,-161,-7718
-585,-380,-7012
-557,-339,-5924
-692,-351,-5199
-640,-657,-5542
-689,115,-4717
-598,-71,-7027
-514,-66,-8241
-626,-14,-6952
-565,-197,-6675
-622,-269,-5437
-677,-380,-5029
-686,-319,-5093
-769,-534,-2754
-854,-475,-206
-927,-483,122
-937,-207,792
-957,-290,1552
-943,-456,2526
-1016,-446,2968
-1019,-485,4336
-1027,-316,4332
-1005,-245,5093
-1048,-72,5469
-1056,421,5637
-1064,131,5146
-1139,402,6017
-1278,-439,8065
-1259,-521,8491
-1262,-292,8884
-1265,-232,9244
-1203,-325,8152
-1144,-284,7687
-1201,529,7959
-1251,400,7912
-1234,-1334,7949
-1182,60,8022
-1225,116,8301
-1302,968,9027
-1429,-1085,11787
-1336,-1771,10215
-1188,-2096,10855
-1046,-1946,10121
-986,-389,5064
-897,-242,999
-925,-151,1554
-905,-119,38
-900,-228,-565
-909,153,-6687
-922,-129,-11019
-839,-378,-10777
-842,-114,-11138
-915,-234,-9154
-837,-256,157
-896,-196,1647
-920,-87,11160
-909,-237,12009
-878,-192,4762
-758,-389,-3307
-884,-239,-14797
-887,-124,-13691
-916,-81,-3531
-945,-85,1875
-943,-215,10685
-951,-98,6356
-888,1529,1891
-879,6720,-1018
-3125,10269,-240
-1586,1844,298
945,-8364,-1591
1037,-10044,127
-1067,-1018,-22
-4911,4206,660
-5340,9386,-1833
-9067,8357,-492
-2806,2301,-1193
5063,-3496,-806
6270,-5788,-1024
1390,-8654,824
-3240,-6976,3242
1812,-2945,3839
7020,342,3882
8252,262,854
257,-303,-765
-4860,-591,-1950
-205,4024,-1331
7955,5817,1331
4403,2168,2886
-4535,-2400,-84
-10156,-2718,-1003
-7,14,-1558
11175,80,1791
6876,-648,2549
-5755,-2276,315
-13090,-12,-1761
-7167,1443,-2091
4272,1712,-366
12726,-109,2148
7825,-949,2197
-3775,-1396,-628
-14586,1111,-2053
-11452,779,-2639
1329,-2791,-1774
10351,-2800,957
9307,-1743,1810
-1190,-2797,739
-12293,-596,-1423
-12380,1820,-940
-3004,2420,465
11228,-802,2483
17643,-3021,2885
10112,-2620,1844
-6964,-316,449
-15012,1209,-1409
-13877,1024,-1777
-7310,1196,-1863
5349,191,-675
13426,625,832
9683,-303,1430
-2733,-1931,412
-13593,-2902,-229
-15025,-885,-991
-5836,109,-1454
6825,2232,116
14685,3681,2237
9853,1107,2168
-1258,-2800,952
-9467,-5818,-164
-14203,-3847,-420
-8988,174,-807
6243,3433,969
16388,3294,1920
10482,-628,2208
-2343,-3850,1192
-10885,-4971,-226
-13985,-1140,-617
-9791,2907,-591
-314,3854,-465
14252,231,857
14982,-2454,1399
3844,-1001,1560
-11691,871,547
-20201,2159,-1358
-15612,3245,-1966
-1545,-301,-1858
12029,-3703,574
12821,-2442,2034
9968,-321,1474
-89,-367,1205
-14174,693,786
-17534,3918,-1796
-9634,4034,-2374
5237,-1296,-809
16596,-1438,689
12567,390,1723
560,-730,1134
-11536,-3085,382
-17944,604,-587
-12797,5864,-1651
-3,4021,-1104
12160,-1604,914
15989,-3943,2257
11261,-4406,2378
-734,-1511,963
-12805,176,-44
-17734,2311,-988
-11418,2209,-2162
3467,220,605
14869,-387,1532
12033,-2449,2558
3086,-1037,1485
-7978,-214,-63
-13992,-749,-855
-14102,2361,-1078
-7753,2937,-1124
5966,1559,1015
13717,508,2563
7215,688,4730
-4828,2886,7493
-6982,3348,9590
-1309,-1241,10343
2251,-2595,10354
-58,-992,7536
-3281,70,2042
-4917,-1268,-8344
-5164,-3393,-15447
-4195,-2364,-16742
-5709,140,-10779
-4280,3552,2412
-438,263,13220
3470,-2169,13803
-266,-602,7845
-1587,3,-1816
-303,-1272,-11069
661,-1825,-12709
-473,1160,-8430
338,4024,-1543
325,5595,10580
-3517,1143,13235
-1586,-4390,4338
1138,-11799,-4594
-1454,-13820,-6505
-3873,-10777,-7234
-4665,20,-6268
-1496,11682,-1068
-507,14234,6789
-2411,8055,8845
-2383,-7353,6057
-266,-19958,502
-3579,-15764,-2492
-6640,-8396,-5171
-6856,-2148,-4832
-2866,2594,-2473
1844,14995,421
3300,20864,1237
757,21025,990
-1442,18250,291
-1459,12772,104
-862,8316,-892
-730,4623,-714
-1302,4165,-445
-1731,-4541,-432
1184,-20454,-3175
736,-26655,-2230
-1501,-24029,424
-1245,-20943,1076
-3068,-15983,1336
-4450,-11367,1078
-4136,-6301,469
-1677,-388,-769
701,7201,-716
1100,14306,349
1053,21064,490
2207,23939,1769
1492,23347,3050
-2635,18375,3880
-2362,14205,2338
-1590,11184,-762
-5164,9193,-1884
-3283,722,-1971
593,-7049,-2200
1651,-13796,-3212
1507,-20291,-3656
778,-23267,-3179
-3051,-19388,-677
-3958,-17956,-1485
-4894,-16033,-140
-6167,-12308,-1613
-5145,-8814,-916
-2477,-3128,-861
1814,10462,663
4416,16671,1367
6012,20496,1360
3472,20062,3176
651,19891,3243
-1445,18200,4560
-2947,14888,3749
-2856,6022,1976
-854,-4049,-679
579,-12518,-2451
-358,-21399,-3900
-3242,-25734,-2895
-5428,-21159,-2676
-5812,-16883,-1241
-6124,-15567,-1823
-4815,-9889,-1497
-1036,-1734,-545
2803,8296,197
6041,17528,1261
7351,21202,1329
5302,22279,2227
-2762,22972,2530
-7335,21683,3513
-6785,16686,2796
-1851,3764,-179
1898,-5409,-1535
1509,-14274,-2926
2673,-22561,-4553
1481,-29687,-4123
-2045,-22600,-1128
-3566,-14612,-236
-4535,-14338,-2550
-5130,-11217,-1601
-2838,-3249,-254
1625,7637,1134
3079,10346,1736
3051,11638,6444
411,8113,10403
-284,5320,11715
-1455,-1422,2282
1381,-2052,-9914
1916,-1916,-16676
1884,471,-12967
1216,4415,3958
-1073,4668,14118
-2515,3619,11449
-995,-436,-881
-214,-2883,-11825
188,-2706,-15291
397,2579,-2701
-3263,5329,12019
-2722,1651,9024
36,-2144,-2160
822,-5356,-13120
276,-7131,-10837
326,275,4942
-1836,5535,15422
-2502,4708,8135
-915,-516,-6609
-526,-4185,-15843
768,-1440,-7486
434,3078,11975
-2118,3661,15298
-10,-1503,-2280
195,-7920,-12634
896,-3866,-3798
-727,2351,12523
-1932,-1788,-4353
-189,-3089,-15440
-276,1731,-11064
-3363,4646,7541
-7159,9052,15025
-9061,17761,6868
-4939,17853,1174
191,16094,1036
-383,11503,1324
-960,-2285,-1447
3561,-13899,-3443
2590,-18310,-3592
1178,-16241,-4366
-51,-11397,-4195
-169,-4420,-5083
-692,-402,-8203
-1021,227,-9886
1769,-1168,-11288
2974,-3496,-9613
2340,-1773,-8727
530,-1564,-10376
-2763,-972,-9831
-4039,-766,-6157
-3285,-320,-3870
-891,412,-998
620,1934,-896
1094,2742,-914
2610,1784,-1238
2739,-53,-608
1255,-344,-608
-283,-603,-63
471,-2039,472
772,-2404,495
-2156,-1366,267
-3190,511,575
-1663,339,-140
-3781,-1035,-1146
-5823,1543,141
-4688,2828,-817
-4783,2538,-273
-4115,-530,612
-5994,798,799
-3999,1227,339
-2134,590,-175
-2302,-160,93
-1738,831,54
-1350,725,14
-330,-481,301
-1104,490,325
-821,2616,443
-125,3793,291
-330,3579,451
-1278,3529,475
-1713,3508,376
-1510,3854,396
-1595,2701,253
-1039,2246,427
-945,2274,129
-1041,3220,272
-764,2345,409
-698,2680,398
-1146,3356,266
-761,2829,331
-1571,3684,311
-2064,4064,236
-1599,2652,247
-606,3180,145
-342,3190,487
-273,3272,273
-416,3131,182
-1214,3172,-495
-1187,3421,360
-716,2157,140
-814,2630,433
-1339,2414,-180
-1614,1806,-319
-1149,1928,127
-771,1313,-184
-871,1482,83
-909,946,416
-909,430,-230
-1039,646,228
-785,410,92
-734,458,483
-848,26,-87
-1178,-404,4
-1041,248,-69
-717,539,341
-1184,404,9
-1056,591,238
-823,-68,115
-1030,-293,-75
-935,-236,258
-945,-744,372
-701,-769,511
-1036,-1637,274
-663,-3059,686
404,-4969,566
56,-5734,536
1095,-7146,-1000
180,-8782,-667
-216,-8465,-1473
1113,-11418,-875
1697,-12025,-490
985,-10861,-157
-859,-9447,790
-3410,-9696,187
-2812,-8840,205
-1275,-7747,660
-1128,-4477,894
-3912,-4688,1821
-5303,-5517,1643
-4063,-4592,-475
-2753,52,-586
-3204,-3286,140
-3927,-4820,-782
-3299,-5399,-1413
-3933,-6578,-559
-3816,-6077,-962
-1823,-4615,-834
-297,-2926,5
-1178,-3334,261
-1387,-4285,1032
-383,-2097,-269
-580,-1209,446
-12,459,948
-737,-1691,664
-1233,-2613,-494
-1623,-1182,-540
-367,-510,-154
-825,-437,-172
-1335,-1533,-1148
-1920,-1042,-2358
-2200,-1929,-1828
-2259,-1064,-516
-1290,681,716
-116,-1210,1333
-1008,-1144,104
-1169,-1088,-212
-17,-673,-20
-775,57,514
-862,-305,-336
-679,-769,-165
